228,236,80,64
230,234,80,64
232,236,80,64
234,244,80,64
233,252,80,64
228,255,80,64
228,247,80,64
228,232,80,64
226,227,80,64
226,241,80,64
222,261,80,64
222,266,80,64
227,252,80,64
231,228,78,62
232,218,79,63
234,232,79,63
243,240,81,65
253,233,79,63
251,216,79,63
235,209,81,65
210,214,81,65
185,228,81,65
197,237,81,65
231,245,81,65
236,249,81,65
216,247,83,66
191,241,83,66
170,236,83,66
166,238,83,66
181,241,83,66
201,234,81,65
204,221,81,65
195,217,83,66
194,224,83,66
205,225,83,66
215,219,83,66
213,215,83,66
207,222,81,65
207,244,81,65
215,268,81,65
218,271,83,66
208,261,83,66
194,261,83,66
183,269,83,66
182,274,83,66
197,274,83,66
210,279,83,66
217,284,83,66
218,278,83,66
219,261,81,65
232,243,81,65
246,238,83,66
262,251,83,66
258,256,83,66
236,250,83,66
211,239,83,66
200,234,83,66
207,237,83,66
216,245,83,66
229,249,83,66
238,237,83,66
238,223,83,66
234,223,83,66
240,222,83,66
258,218,83,66
277,213,83,66
285,220,83,66
281,236,83,66
265,248,83,66
257,245,83,66
264,232,83,66
272,223,83,66
276,221,83,66
278,208,83,66
268,185,83,66
244,171,84,67
217,169,84,67
204,168,84,67
209,169,84,67
221,163,83,66
225,155,84,67
231,167,83,66
231,184,83,66
225,198,83,66
221,206,83,66
210,202,84,67
192,194,84,67
187,183,83,66
199,165,83,66
219,169,83,66
241,201,83,66
251,232,83,66
245,247,83,66
238,241,83,66
230,224,83,66
225,209,84,67
227,210,84,67
232,213,84,67
241,208,84,67
243,196,84,67
230,193,84,67
218,205,84,67
223,220,84,67
250,225,86,69
286,216,84,67
282,205,86,69
256,209,86,69
231,219,86,69
217,218,86,69
216,207,84,67
214,194,86,69
218,198,86,69
220,210,86,69
245,217,86,69
285,222,86,69
292,216,86,69
276,205,84,67
231,193,84,67
163,187,86,69
133,184,86,69
143,185,86,69
162,186,86,69
167,182,86,69
176,181,86,69
193,174,86,69
210,177,84,67
218,191,84,67
221,200,84,67
227,200,84,67
231,193,84,67
237,192,84,67
235,201,84,67
236,205,84,67
254,207,84,67
274,221,84,67
283,247,83,66
282,267,83,66
279,281,83,66
280,287,84,67
278,278,84,67
280,269,84,67
282,257,83,66
279,231,83,66
284,200,83,66
279,199,83,66
269,225,83,66
257,267,83,66
253,299,83,66
252,298,83,66
243,266,83,66
228,257,84,67
221,262,84,67
222,254,84,67
221,237,84,67
224,231,84,67
234,233,84,67
239,223,84,67
236,199,84,67
227,169,84,67
226,167,84,67
233,178,84,67
243,187,84,67
246,187,84,67
236,187,84,67
214,190,86,69
191,183,86,69
186,176,86,69
203,161,84,67
219,140,84,67
213,124,84,67
209,125,83,66
211,142,83,66
216,149,83,66
229,143,84,67
235,144,84,67
235,149,84,67
235,170,83,66
229,198,81,65
215,214,83,66
211,214,83,66
210,196,83,66
205,165,81,65
189,118,83,66
187,104,83,66
197,124,83,66
212,148,83,66
232,159,83,66
249,159,83,66
247,152,83,66
243,143,83,66
249,153,81,65
248,164,81,65
239,167,81,65
234,176,81,65
235,186,81,65
238,185,81,65
246,183,81,65
252,177,81,65
251,162,81,65
246,172,81,65
239,211,79,63
246,259,79,63
257,271,81,65
267,276,81,65
261,262,81,65
245,244,81,65
248,253,81,65
262,268,81,65
268,271,81,65
266,258,81,65
257,246,81,65
247,240,81,65
254,235,81,65
268,219,79,63
270,194,79,63
264,188,79,63
263,208,79,63
267,231,79,63
263,232,79,63
250,219,79,63
234,209,81,65
226,225,79,63
232,256,79,63
243,273,79,63
248,258,79,63
235,220,79,63
228,209,79,63
249,218,79,63
282,223,79,63
297,208,79,63
280,183,79,63
242,173,81,65
201,185,81,65
180,193,81,65
180,183,79,63
184,167,79,63
199,162,81,65
233,162,81,65
261,155,79,63
261,155,79,63
244,160,79,63
220,161,81,65
200,173,79,63
193,191,78,62
186,206,78,62
168,208,79,63
146,193,79,63
145,174,79,63
169,179,79,63
196,206,78,62
204,231,76,61
198,240,78,62
189,229,78,62
178,219,78,62
179,224,78,62
193,230,79,63
224,229,79,63
265,220,78,62
298,201,78,62
295,203,76,61
273,223,76,61
257,230,78,62
251,220,78,62
238,196,78,62
214,181,79,63
193,184,78,62
194,204,78,62
222,235,78,62
253,254,78,62
245,245,78,62
223,228,78,62
204,219,78,62
210,228,78,62
239,248,76,61
277,257,78,62
285,244,76,61
269,226,78,62
245,211,78,62
240,200,78,62
263,208,78,62
287,221,78,62
271,211,78,62
244,193,78,62
243,190,78,62
263,187,78,62
281,186,78,62
274,176,78,62
255,164,78,62
253,171,78,62
257,183,78,62
263,181,78,62
275,169,78,62
290,171,76,61
302,192,75,60
307,211,76,61
299,211,78,62
294,202,78,62
282,196,79,63
244,197,79,63
195,211,78,62
206,211,76,61
232,192,76,61
247,182,78,62
240,182,79,63
225,191,78,62
232,209,78,62
261,215,79,63
291,201,76,61
307,181,76,61
307,166,78,62
289,174,76,61
281,202,76,61
301,226,78,62
329,212,76,61
340,187,76,61
330,180,78,62
310,192,78,62
296,202,78,62
297,205,78,62
298,198,78,62
291,192,78,62
289,187,78,62
289,185,78,62
282,185,79,63
272,187,79,63
267,190,79,63
269,195,79,63
267,201,79,63
268,203,79,63
282,211,79,63
297,220,79,63
291,227,79,63
276,224,79,63
267,213,79,63
271,214,79,63
288,222,79,63
282,221,81,65
242,218,81,65
221,213,79,63
235,201,79,63
242,199,79,63
247,200,79,63
252,201,79,63
247,206,79,63
243,210,79,63
256,205,79,63
258,205,79,63
246,204,79,63
252,196,79,63
262,187,79,63
253,179,79,63
249,177,79,63
256,187,79,63
262,196,79,63
254,195,81,65
237,186,79,63
225,170,79,63
