227,207,122,99
241,207,122,99
256,211,122,99
259,220,122,99
259,230,122,99
256,237,122,99
247,245,122,99
242,250,122,99
250,252,122,99
262,259,122,99
258,268,122,99
250,268,122,99
251,268,122,99
259,276,122,99
266,290,122,99
274,302,122,99
279,308,122,99
262,307,124,100
242,296,124,100
240,279,124,100
247,266,124,100
263,256,124,100
275,261,124,100
262,283,124,100
233,301,124,100
217,300,124,100
238,275,124,100
262,254,124,100
279,253,124,100
287,263,124,100
281,267,124,100
252,262,126,102
220,256,126,102
204,251,126,102
209,249,126,102
215,252,126,102
220,252,126,102
222,257,126,102
213,261,126,102
208,254,126,102
206,240,126,102
209,224,126,102
225,207,126,102
233,209,126,102
223,230,126,102
215,251,126,102
224,263,126,102
237,272,126,102
230,283,129,105
219,287,129,105
218,277,129,105
206,254,129,105
200,230,129,105
211,220,129,105
220,222,129,105
229,225,129,105
237,217,129,105
244,208,129,105
236,209,129,105
216,222,129,105
197,244,129,105
193,249,132,107
214,240,132,107
236,233,132,107
247,221,132,107
248,209,132,107
241,202,132,107
223,208,132,107
197,217,132,107
180,215,132,107
176,199,134,109
177,171,134,109
174,163,134,109
175,178,134,109
202,178,134,109
236,173,134,109
232,199,134,109
216,253,134,109
228,310,134,109
276,334,134,109
304,320,134,109
284,288,134,109
243,251,134,109
201,221,137,111
185,216,137,111
191,231,137,111
197,248,137,111
197,247,137,111
202,229,137,111
208,204,137,111
208,190,137,111
203,192,137,111
199,208,137,111
211,222,137,111
237,217,137,111
255,206,137,111
269,211,137,111
298,225,137,111
333,235,137,111
355,235,137,111
355,222,137,111
338,206,137,111
309,199,140,113
289,202,140,113
289,203,140,113
291,205,140,113
284,214,140,113
274,226,140,113
268,236,140,113
273,237,140,113
279,238,140,113
258,249,140,113
224,261,140,113
212,249,140,113
231,226,140,113
257,208,140,113
268,198,140,113
257,209,140,113
241,226,140,113
238,238,140,113
242,241,140,113
262,241,140,113
276,237,140,113
266,228,142,115
256,223,142,115
265,226,142,115
283,229,142,115
283,217,142,115
266,202,142,115
250,192,142,115
253,188,142,115
259,189,142,115
245,190,142,115
215,185,142,115
198,180,142,115
209,178,142,115
220,177,142,115
202,176,142,115
157,182,142,115
140,190,142,115
183,192,142,115
247,192,142,115
281,195,142,115
285,196,142,115
279,197,142,115
261,190,142,115
220,184,142,115
192,183,142,115
195,185,142,115
206,185,142,115
210,183,142,115
199,178,142,115
197,176,142,115
202,176,142,115
219,172,142,115
250,163,142,115
265,148,142,115
251,146,142,115
240,155,142,115
257,153,142,115
283,144,142,115
294,148,142,115
285,179,140,113
268,220,140,113
261,239,140,113
263,229,140,113
258,207,140,113
248,191,140,113
233,191,140,113
223,196,140,113
217,194,140,113
221,190,140,113
240,183,140,113
263,175,140,113
270,175,140,113
268,181,140,113
273,188,140,113
275,202,140,113
269,221,140,113
262,231,140,113
261,230,140,113
264,216,140,113
271,201,140,113
269,188,140,113
252,176,140,113
241,176,140,113
235,184,137,111
224,200,137,111
222,220,137,111
245,231,137,111
281,222,137,111
308,205,137,111
306,191,137,111
304,183,137,111
323,184,134,109
341,180,134,109
350,173,134,109
348,166,134,109
326,174,134,109
309,187,134,109
328,190,134,109
373,186,134,109
405,183,134,109
412,185,134,109
419,195,132,107
432,199,132,107
445,191,132,107
441,180,132,107
415,180,132,107
379,190,132,107
338,198,132,107
320,201,132,107
328,197,132,107
341,192,129,105
355,181,129,105
364,175,129,105
356,181,129,105
348,195,129,105
340,206,129,105
317,201,129,105
275,191,129,105
230,189,129,105
206,192,129,105
212,196,126,102
226,194,126,102
227,188,126,102
209,190,126,102
199,204,126,102
213,220,126,102
250,230,126,102
270,235,124,100
249,233,124,100
214,226,124,100
188,220,124,100
184,217,124,100
211,216,124,100
259,214,124,100
290,217,124,100
286,222,124,100
251,223,124,100
196,222,124,100
149,219,124,100
136,214,121,98
151,202,121,98
178,192,121,98
193,188,121,98
200,188,121,98
215,191,121,98
238,192,121,98
257,197,119,97
259,203,119,97
251,209,119,97
239,216,119,97
235,226,119,97
235,240,119,97
237,242,119,97
245,220,119,97
251,196,119,97
250,200,119,97
245,220,119,97
236,238,119,97
224,247,119,97
211,245,119,97
211,231,117,95
217,209,117,95
219,198,117,95
228,202,117,95
246,222,117,95
257,240,117,95
254,244,117,95
246,232,117,95
247,217,117,95
254,207,117,95
259,207,117,95
263,212,114,93
265,209,114,93
267,204,114,93
275,201,114,93
286,200,114,93
292,190,114,93
290,177,114,93
281,173,114,93
268,185,114,93
276,208,114,93
300,230,114,93
315,223,112,91
303,196,112,91
281,183,112,91
264,190,112,91
268,203,112,91
283,213,112,91
288,218,112,91
284,212,112,91
282,192,112,91
272,172,112,91
279,168,112,91
303,181,112,91
313,191,112,91
290,183,112,91
253,175,112,91
226,176,112,91
230,176,112,91
248,169,112,91
265,163,112,91
269,161,110,89
250,159,110,89
219,163,110,89
203,176,110,89
199,187,110,89
183,192,110,89
163,202,110,89
159,213,110,89
172,208,110,89
191,192,110,89
202,185,110,89
191,189,110,89
176,200,110,89
181,208,110,89
198,202,108,87
207,183,108,87
215,165,108,87
235,157,108,87
252,162,108,87
253,182,106,86
247,197,108,87
243,196,108,87
238,174,106,86
226,147,106,86
213,144,106,86
218,159,106,86
234,179,106,86
246,188,106,86
256,179,106,86
270,165,106,86
282,159,106,86
285,170,106,86
281,185,106,86
253,187,106,86
207,178,108,87
171,167,108,87
160,166,106,86
160,172,106,86
165,179,106,86
175,179,106,86
198,172,106,86
230,165,106,86
246,163,106,86
251,161,106,86
251,159,106,86
242,166,106,86
234,182,104,84
227,195,104,84
206,204,104,84
175,207,104,84
145,207,104,84
121,201,104,84
117,195,104,84
131,195,104,84
156,191,104,84
180,183,104,84
197,177,104,84
215,175,104,84
234,173,104,84
241,165,102,82
230,150,102,82
210,150,102,82
198,158,102,82
209,160,102,82
231,162,102,82
244,156,102,82
256,145,102,82
265,143,102,82
263,145,102,82
255,155,102,82
247,176,100,81
243,189,102,82
243,190,102,82
248,188,102,82
257,182,102,82
265,169,102,82
281,160,102,82
305,166,102,82
327,185,102,82
330,207,100,81
305,226,100,81
272,235,102,82
256,222,100,81
259,196,100,81
253,177,100,81
241,180,100,81
254,199,100,81
275,218,100,81
271,223,100,81
268,207,98,79
273,181,98,79
272,181,98,79
277,205,98,79
283,224,98,79
291,215,98,79
300,192,98,79
300,192,98,79
295,208,98,79
296,218,98,79
293,210,98,79
271,192,100,81
248,182,100,81
247,191,100,81
262,211,100,81
272,221,100,81
281,213,100,81
285,193,100,81
291,186,100,81
309,196,100,81
320,204,100,81
300,199,100,81
262,186,100,81
235,173,100,81
234,178,100,81
224,187,100,81
206,196,100,81
215,197,100,81
247,193,100,81
262,192,100,81
244,197,100,81
216,205,100,81
216,207,100,81
253,202,100,81
282,190,100,81
276,182,100,81
261,182,100,81
245,188,100,81
250,195,100,81
293,198,102,82
344,194,102,82
353,187,102,82
338,180,102,82
308,174,102,82
265,178,102,82
238,194,102,82
257,206,102,82
290,214,102,82
308,210,102,82
294,195,102,82
262,190,102,82
239,203,102,82
247,216,102,82
267,216,102,82
276,198,102,82
270,184,104,84
258,190,104,84
256,205,104,84
272,209,104,84
291,198,104,84
306,182,104,84
322,174,106,86
344,196,104,84
356,217,104,84
357,214,106,86
355,196,106,86
352,176,106,86
353,168,106,86
359,173,106,86
357,178,106,86
344,181,106,86
313,190,106,86
279,193,106,86
264,191,108,87
249,181,108,87
221,163,108,87
189,156,108,87
167,169,108,87
174,184,110,89
212,183,110,89
255,166,108,87
277,146,108,87
275,141,110,89
272,161,110,89
286,183,110,89
304,181,110,89
302,167,112,91
274,169,112,91
228,194,112,91
198,219,112,91
210,225,112,91
230,218,112,91
224,206,114,93
202,200,114,93
193,216,114,93
203,244,114,93
219,266,114,93
232,267,114,93
240,251,114,93
255,224,114,93
271,209,117,95
273,218,117,95
282,233,119,97
315,233,119,97
342,219,119,97
336,191,119,97
297,177,121,98
245,192,121,98
222,228,121,98
232,245,121,98
255,225,119,97
267,195,121,98
268,195,124,100
278,202,124,100
314,202,124,100
355,197,124,100
365,200,124,100
333,208,126,102
279,217,126,102
233,215,126,102
209,199,126,102
203,181,126,102
215,174,129,105
235,176,129,105
253,179,129,105
273,179,132,107
296,180,132,107
301,173,132,107
282,169,132,107
263,170,132,107
245,172,134,109
234,176,134,109
240,176,134,109
251,172,134,109
247,172,137,111
237,176,137,111
252,190,137,111
296,204,137,111
330,208,140,113
322,200,140,113
289,192,142,115
254,191,142,115
220,189,142,115
199,189,145,118
207,191,145,118
221,191,145,118
228,185,145,118
239,174,148,120
247,168,148,120
241,165,148,120
233,167,151,123
235,168,151,123
230,163,151,123
209,160,151,123
180,169,151,123
172,180,154,125
186,185,154,125
190,179,157,128
173,171,157,128
152,179,160,130
139,203,160,130
133,221,160,130
127,221,164,133
127,215,164,133
136,204,164,133
149,196,167,135
160,196,167,135
170,201,167,135
174,203,167,135
180,194,170,138
172,186,174,141
159,190,174,141
147,202,174,141
141,200,177,144
138,190,181,147
125,184,181,147
122,192,181,147
129,206,181,147
132,217,184,150
129,214,184,150
115,206,188,153
107,199,192,156
108,195,192,156
112,203,192,156
108,213,196,159
103,213,200,162
101,208,200,162
104,203,204,165
99,195,204,165
80,188,208,168
53,196,208,168
41,203,212,172
