352,197,56,100
351,192,56,100
352,189,57,101
354,190,56,101
355,191,56,101
355,192,56,100
354,192,56,100
355,191,56,100
354,191,55,99
353,189,55,99
352,189,55,99
352,186,55,99
352,184,55,99
352,182,56,100
352,179,56,100
354,177,56,101
355,174,56,100
358,168,56,100
361,166,56,100
362,169,56,100
364,177,55,98
368,197,55,99
369,223,55,99
368,244,55,98
370,260,54,97
367,263,54,97
364,251,54,97
364,226,55,99
364,205,55,99
362,185,55,99
359,170,55,99
356,161,55,99
354,162,55,99
350,176,55,99
341,196,54,97
324,210,54,97
307,215,54,97
297,210,54,97
306,204,54,97
326,195,53,95
344,171,54,97
344,138,54,96
331,111,54,97
324,112,55,99
326,137,56,100
338,176,56,101
357,235,57,102
373,275,57,102
384,287,57,102
381,268,56,101
373,224,56,100
377,180,57,102
387,157,57,102
389,169,57,102
374,207,57,101
350,248,55,99
335,262,55,99
339,253,55,98
348,226,55,99
354,180,56,100
349,147,56,100
335,144,56,100
320,178,56,101
310,228,56,101
307,262,56,101
311,268,55,99
311,239,55,98
305,187,55,99
304,138,56,100
306,138,55,99
300,174,56,100
293,221,55,99
303,247,55,98
338,247,54,97
347,229,53,96
320,197,54,96
282,166,54,96
281,170,54,97
299,203,54,97
308,245,54,97
316,269,54,97
331,268,54,97
331,233,54,98
315,181,55,98
294,148,54,97
287,163,55,98
276,202,55,98
268,241,55,98
274,254,55,98
288,239,55,98
289,198,54,97
274,137,54,97
267,112,54,98
264,129,55,98
260,176,54,97
261,240,54,98
267,260,55,98
269,249,55,99
266,214,55,98
260,168,55,98
257,149,55,99
246,164,55,99
235,200,55,99
249,230,55,99
293,243,55,99
330,236,55,98
346,217,55,99
344,200,55,99
341,198,56,100
346,203,56,100
356,210,56,100
364,223,55,99
369,231,56,100
360,227,56,100
341,207,55,99
305,181,55,98
255,169,54,98
231,177,55,99
232,192,55,99
250,208,55,99
277,215,56,100
303,217,55,99
324,210,55,99
341,199,55,99
341,188,55,99
332,191,56,100
322,193,56,100
314,194,57,101
315,192,57,102
324,198,57,102
322,201,57,103
300,200,57,102
280,193,57,103
278,186,57,103
286,175,57,103
283,172,57,103
283,161,57,102
290,149,57,103
293,144,57,103
293,143,57,103
299,150,57,101
302,157,57,102
298,153,57,102
308,144,57,101
335,138,56,101
336,138,57,102
334,149,57,102
333,158,57,102
302,158,57,101
249,154,56,101
216,154,56,101
205,164,56,101
217,171,56,101
166,217,55,99
151,173,54,98
150,139,54,97
172,124,54,97
196,155,54,98
165,132,54,97
138,128,54,97
91,132,54,97
43,119,55,99
43,116,55,99
28,140,55,98
13,158,55,99
36,182,55,98
73,182,55,98
125,160,54,97
161,146,55,98
205,153,55,98
233,164,55,99
203,145,55,98
195,148,54,97
194,143,54,97
205,125,54,97
224,130,54,97
251,153,54,97
281,166,54,97
303,180,54,97
311,188,54,97
306,196,54,96
288,197,53,95
256,198,53,95
232,182,53,96
225,174,54,98
216,181,55,98
242,199,54,98
270,194,54,97
260,194,54,97
215,201,54,97
166,192,54,97
158,201,54,96
149,200,54,97
153,214,54,96
138,211,54,96
144,209,54,96
142,180,54,97
176,180,54,97
168,157,55,98
146,156,54,98
117,179,54,97
98,194,54,97
85,208,54,96
88,237,53,95
87,240,53,95
79,243,53,95
93,234,53,96
113,274,53,96
106,321,53,96
91,339,53,95
71,355,53,95
51,334,52,94
39,332,53,94
38,317,52,94
47,328,52,94
34,310,52,93
58,304,52,94
92,323,52,94
113,336,53,94
92,357,52,94
85,364,52,94
67,356,52,94
47,350,52,94
35,354,51,91
34,358,51,92
19,338,52,92
0,311,52,93
-1,285,52,93
11,306,52,92
23,290,51,92
36,269,51,92
59,254,51,91
57,254,50,90
55,259,50,90
61,258,49,88
81,251,49,89
88,256,49,89
119,248,49,89
120,210,49,88
113,222,49,88
121,217,49,88
134,229,49,88
123,223,49,88
129,217,49,87
109,210,49,87
83,223,49,87
89,205,48,87
81,213,48,87
101,213,48,86
124,202,48,86
123,203,48,86
99,212,48,87
77,214,48,87
66,232,49,87
67,240,49,88
80,234,49,88
99,244,49,88
98,206,49,88
91,200,49,88
89,189,49,88
68,188,48,87
59,178,49,87
57,151,49,87
77,174,49,88
110,187,49,87
103,175,49,87
95,143,48,87
79,143,48,87
68,175,48,86
69,163,48,86
74,148,48,86
87,167,48,85
111,173,48,86
123,180,47,85
122,201,48,85
106,207,47,85
93,197,47,85
77,181,48,85
77,213,48,85
68,207,47,85
77,193,47,84
88,199,47,84
100,225,46,83
116,219,46,83
93,223,46,83
81,210,46,83
95,240,46,83
99,258,46,82
93,254,46,83
84,252,46,83
79,238,46,83
71,239,46,83
94,231,47,84
105,222,46,83
100,234,46,83
74,212,47,84
74,200,47,84
64,193,47,85
86,170,47,85
74,169,48,86
68,153,48,87
69,145,48,86
80,145,48,86
93,145,48,86
96,146,48,86
95,153,48,86
81,159,48,87
83,171,48,87
89,195,48,87
84,202,48,87
77,200,48,87
89,210,48,86
97,202,48,86
100,223,48,86
114,215,48,86
96,211,48,87
96,191,48,87
98,166,48,85
97,140,48,85
93,157,47,85
90,141,48,85
100,146,47,85
105,157,47,84
107,176,47,84
114,149,47,85
94,155,47,85
98,143,48,85
98,138,48,86
97,159,48,86
84,148,47,85
95,152,47,85
94,146,47,84
83,135,47,84
82,106,47,84
90,120,47,85
87,91,48,85
82,95,48,85
83,104,48,85
77,98,48,86
61,96,47,85
57,97,48,86
51,94,48,86
48,90,47,85
53,118,48,85
85,113,48,85
118,126,48,87
149,141,49,87
180,127,48,87
211,126,49,88
220,140,48,86
195,126,48,87
156,120,48,86
116,131,49,87
76,118,48,87
68,117,48,87
68,103,48,87
86,111,48,87
129,113,48,86
156,114,47,85
164,104,47,84
166,95,47,84
162,105,47,84
136,78,47,84
111,85,47,85
73,82,47,85
35,78,47,84
33,88,47,84
51,87,47,84
89,84,47,84
148,58,47,84
184,50,46,83
203,42,46,82
200,25,46,83
166,28,46,83
136,39,47,84
90,3,47,84
54,13,47,84
4,2,47,85
-8,14,47,85
-4,9,47,85
-8,11,48,85
-5,5,48,85
4,13,48,85
-1,-1,48,85
0,2,47,85
21,7,47,84
46,20,47,85
1,13,47,84
-1,1,47,85
-7,3,47,84
0,11,46,83
-7,16,47,84
-11,6,47,85
-11,6,47,85
-6,6,48,86
-8,3,47,85
-1,0,47,85
-3,7,48,86
-2,0,48,85
17,3,47,85
0,-1,47,84
-6,-2,47,84
-8,-2,47,84
-7,2,47,84
-2,0,47,85
2,-2,47,84
-2,4,47,84
-6,-1,47,85
-4,4,47,85
-2,0,46,82
-5,2,45,80
-8,0,45,81
-8,0,45,81
0,1,45,81
5,1,45,81
5,-1,45,80
6,-4,45,80
-3,-3,45,81
-9,-1,45,81
0,-2,45,81
-9,-1,45,81
-9,1,45,81
13,0,45,82
-4,3,46,82
-6,-2,45,81
-8,-2,45,81
-5,0,45,81
-6,-3,46,82
-8,-4,46,83
-7,0,46,82
-2,-2,45,81
-9,1,45,81
-6,0,45,81
-5,-2,45,81
-8,-1,45,81
0,0,45,81
-7,4,45,81
-7,1,45,81
-6,-3,45,81
-8,0,45,80
-8,-1,44,80
-3,-1,45,80
-2,-3,45,80
-5,-2,45,81
-1,-4,45,81
-7,-3,45,81
-11,0,45,80
1,-4,45,81
-7,-1,45,80
-10,-4,45,81
-6,-1,45,80
-5,-2,45,80
-11,-1,44,80
-10,-1,44,79
-8,0,44,80
-7,-3,44,79
-8,0,44,79
-6,-5,45,80
-8,-1,45,80
-12,0,44,80
-10,-2,44,80
-7,-2,44,80
-10,-1,44,79
-10,3,44,79
-2,-2,44,79
-9,-2,44,78
-12,-1,44,78
-9,-2,43,78
-10,-2,43,77
-7,-3,43,78
-6,-1,44,78
-7,0,43,78
-5,0,43,78
-9,0,43,78
-10,-1,43,78
-11,-4,43,77
-5,-3,43,77
-10,-4,43,77
-10,-5,43,77
-10,-3,43,77
-7,-3,43,78
-11,-2,44,78
-11,-8,44,78
-14,-4,43,77
-2,-1,43,77
-12,0,43,77
-10,-4,42,76
-10,-2,42,76
-9,0,42,76
-11,0,42,76
-10,0,42,75
-9,-1,42,75
-13,-7,42,75
-13,-3,41,74
-11,-1,41,74
-12,-4,41,74
-9,-4,41,73
-9,-5,41,74
-10,-3,41,74
-11,-1,41,74
-10,-4,41,74
-11,-4,41,74
-9,-3,41,74
-10,-1,41,74
0,-3,41,74
0,-7,41,73
-9,-4,41,73
-11,-5,41,73
-9,-5,41,73
-12,-3,41,73
-11,-5,41,73
-11,-4,41,73
-9,-2,41,74
-11,-3,41,73
-11,-5,40,73
-12,-2,40,72
-10,-4,40,72
-11,-2,40,72
-13,-4,40,71
-10,-2,40,71
-10,-3,40,71
-10,-4,40,71
-10,-6,39,70
-11,-2,39,71
-11,-3,39,71
-11,-4,39,70
-10,-2,39,71
-11,-1,39,70
-10,-5,39,70
-11,-6,39,70
-11,-3,39,70
-10,-6,39,70
-11,-7,39,70
-12,-5,39,70
-10,-2,39,70
-9,-5,39,70
-12,-4,39,70
-12,-2,39,69
-14,-3,38,69
-11,-6,38,69
-11,-5,38,68
-13,-6,38,68
-12,-4,38,68
-11,-4,38,68
-11,-6,38,67
-10,-6,37,67
-11,-5,37,67
-10,-5,37,67
-11,-6,37,67
-10,-7,37,67
-9,-8,37,67
-12,-7,37,67
-11,-6,37,67
-10,-7,37,67
-11,-8,37,67
-10,-7,37,66
-11,-7,37,66
-10,-8,37,66
-11,-8,37,66
-10,-7,37,66
-13,-7,37,66
-12,-7,36,65
-12,-5,36,65
-12,-6,36,65
-12,-6,36,65
-11,-4,36,65
-12,-7,36,64
-11,-9,36,64
-12,-8,36,64
-11,-7,35,64
-10,-7,35,64
-10,-9,35,64
-10,-7,35,64
-12,-6,35,63
-7,-8,35,64
-7,-8,36,64
-13,-9,36,64
-11,-7,36,64
-11,-8,36,64
-12,-8,36,64
-11,-9,36,64
-12,-9,36,64
-11,-9,36,64
-10,-8,36,65
-11,-7,36,65
-16,-7,36,64
-14,-8,36,65
-12,-10,36,64
-12,-8,36,64
-12,-9,36,64
-12,-9,35,64
-12,-8,35,64
-12,-9,35,64
-10,-10,35,64
-14,-10,35,63
-16,-9,35,63
-11,-9,35,62
-11,-9,35,63
-12,-9,35,63
-14,-7,35,63
5,-10,35,63
-10,-8,35,63
-13,-10,35,63
-12,-9,35,62
-12,-10,35,62
-11,-8,34,62
-13,-9,34,62
-14,-9,34,61
-13,-10,34,61
-11,-9,34,61
-14,-8,34,61
-11,-8,34,61
-11,-10,34,61
-12,-10,34,61
-12,-9,34,61
-12,-10,34,61
-12,-9,34,61
-11,-9,34,61
-11,-10,34,61
-12,-9,34,60
-11,-9,33,60
-11,-10,34,60
-11,-9,33,60
-11,-10,34,60
-10,-9,33,60
-12,-9,33,60
-10,-9,33,59
-10,-10,33,60
-11,-9,33,59
-11,-9,33,60
-12,-9,33,60
