147, 110, 34, 33
149, 114, 34, 33
152, 118, 34, 33
156, 120, 32, 31
159, 121, 32, 31
162, 121, 32, 31
162, 121, 32, 31
162, 122, 32, 31
162, 122, 32, 31
163, 123, 32, 31
166, 121, 32, 31
166, 118, 32, 31
160, 115, 32, 31
157, 111, 32, 31
157, 109, 32, 31
152, 108, 30, 29
149, 108, 30, 29
149, 122, 30, 29
150, 122, 29, 28
145, 122, 29, 28
139, 119, 30, 29
139, 119, 30, 29
145, 129, 32, 31
146, 130, 32, 31
148, 124, 32, 31
157, 131, 30, 29
164, 128, 30, 29
165, 132, 29, 28
168, 141, 29, 28
172, 152, 29, 28
162, 144, 30, 29
167, 132, 30, 29
168, 126, 30, 29
168, 114, 30, 29
163, 121, 30, 29
160, 127, 30, 29
151, 123, 30, 29
148, 126, 30, 29
147, 123, 32, 31
146, 129, 32, 31
146, 139, 32, 31
154, 128, 34, 33
161, 111, 34, 33
161, 118, 34, 33
161, 124, 34, 33
161, 118, 32, 31
160, 111, 32, 31
159, 93, 32, 31
158, 93, 32, 31
158, 97, 32, 31
155, 111, 32, 31
156, 122, 30, 29
157, 135, 30, 29
158, 149, 30, 29
153, 155, 30, 29
158, 158, 30, 29
158, 145, 30, 29
155, 129, 32, 31
154, 118, 34, 33
153, 111, 34, 33
149, 109, 34, 33
148, 113, 34, 33
145, 118, 34, 33
145, 128, 34, 33
144, 141, 34, 33
143, 144, 34, 33
139, 131, 34, 33
134, 133, 35, 34
129, 124, 37, 36
125, 116, 37, 36
120, 112, 37, 36
118, 114, 39, 38
120, 122, 39, 38
118, 105, 37, 36
119, 115, 35, 34
119, 107, 37, 36
118, 103, 39, 38
122, 107, 39, 38
127, 101, 39, 38
135, 86, 39, 38
141, 74, 39, 38
148, 73, 37, 36
153, 76, 37, 36
157, 82, 35, 34
161, 88, 35, 34
163, 98, 35, 34
165, 105, 35, 34
171, 107, 35, 34
173, 95, 35, 34
174, 84, 35, 34
178, 73, 35, 34
178, 72, 35, 34
178, 77, 35, 34
178, 86, 35, 34
178, 98, 35, 34
179, 101, 35, 34
176, 104, 35, 34
191, 103, 35, 34
195, 103, 35, 34
192, 104, 35, 34
189, 103, 35, 34
187, 102, 35, 34
186, 100, 35, 34
185, 98, 35, 34
183, 96, 37, 36
178, 92, 37, 36
174, 90, 37, 36
169, 87, 39, 38
166, 86, 39, 38
163, 84, 39, 38
159, 83, 39, 38
156, 83, 39, 38
152, 83, 39, 38
151, 83, 39, 38
150, 83, 39, 38
149, 86, 39, 38
149, 87, 39, 38
149, 89, 39, 38
152, 90, 39, 38
155, 93, 39, 38
163, 95, 39, 38
166, 98, 39, 38
169, 99, 39, 38
172, 99, 41, 40
179, 100, 41, 40
190, 99, 41, 40
194, 99, 41, 40
197, 99, 41, 40
200, 99, 41, 40
201, 98, 41, 40
201, 94, 41, 40
200, 94, 41, 40
198, 94, 41, 40
194, 93, 41, 40
190, 93, 41, 40
186, 93, 41, 40
186, 93, 41, 40
187, 94, 39, 38
188, 95, 37, 36
187, 95, 37, 36
187, 94, 37, 36
186, 93, 37, 36
184, 92, 37, 36
182, 90, 37, 36
180, 86, 37, 36
178, 82, 37, 36
177, 82, 37, 36
175, 82, 37, 36
171, 82, 37, 36
164, 83, 37, 36
153, 91, 37, 36
149, 97, 37, 36
147, 100, 37, 36
144, 105, 37, 36
141, 108, 37, 36
140, 112, 37, 36
142, 115, 37, 36
145, 118, 37, 36
148, 121, 37, 36
153, 121, 37, 36
162, 122, 39, 38
166, 123, 39, 38
174, 124, 37, 36
180, 125, 37, 36
183, 126, 37, 36
190, 127, 37, 36
195, 127, 37, 36
200, 127, 35, 34
205, 126, 35, 34
211, 125, 35, 34
214, 122, 35, 34
214, 121, 35, 34
214, 120, 35, 34
209, 118, 35, 34
201, 115, 35, 34
186, 107, 35, 34
180, 101, 35, 34
175, 95, 35, 34
169, 89, 37, 36
165, 84, 37, 36
159, 79, 37, 36
157, 78, 37, 36
156, 78, 37, 36
156, 78, 35, 34
155, 81, 35, 34
156, 86, 35, 34
156, 90, 35, 34
160, 97, 35, 34
162, 98, 35, 34
166, 100, 35, 34
174, 108, 35, 34
175, 111, 35, 34
176, 114, 35, 34
175, 117, 35, 34
174, 121, 35, 34
174, 125, 35, 34
174, 128, 35, 34
174, 131, 35, 34
173, 135, 35, 34
173, 140, 35, 34
173, 147, 35, 34
173, 153, 35, 34
174, 157, 35, 34
175, 160, 35, 34
174, 164, 35, 34
175, 168, 35, 34
175, 169, 35, 34
176, 168, 35, 34
175, 162, 37, 36
176, 156, 37, 36
175, 143, 39, 38
176, 139, 39, 38
177, 133, 37, 36
177, 130, 37, 36
177, 128, 37, 36
176, 118, 37, 36
176, 105, 37, 36
177, 98, 37, 36
177, 92, 37, 36
177, 88, 37, 36
176, 87, 37, 36
176, 88, 37, 36
176, 90, 37, 36
175, 94, 37, 36
174, 97, 37, 36
168, 100, 37, 36
166, 100, 37, 36
164, 99, 37, 36
161, 97, 37, 36
160, 97, 37, 36
159, 97, 37, 36
159, 97, 37, 36
158, 97, 37, 36
158, 97, 37, 36
161, 98, 37, 36
166, 96, 37, 36
168, 95, 37, 36
170, 94, 37, 36
174, 92, 39, 38
181, 91, 39, 38
186, 90, 39, 38
191, 90, 39, 38
198, 90, 39, 38
204, 89, 39, 38
206, 88, 39, 38
209, 87, 39, 38
211, 86, 39, 38
213, 85, 39, 38
215, 84, 39, 38
217, 84, 39, 38
220, 82, 41, 40
224, 81, 41, 40
226, 80, 41, 40
229, 80, 41, 40
229, 80, 41, 40
230, 79, 41, 40
230, 78, 41, 40
226, 78, 41, 40
220, 79, 41, 40
217, 80, 41, 40
210, 80, 41, 40
205, 80, 41, 40
202, 80, 41, 40
197, 80, 41, 40
193, 80, 41, 40
191, 80, 41, 40
190, 81, 41, 40
189, 82, 41, 40
187, 83, 41, 40
186, 84, 41, 40
185, 88, 39, 38
183, 88, 39, 38
180, 89, 39, 38
176, 90, 39, 38
167, 93, 39, 38
148, 100, 39, 38
147, 101, 39, 38
146, 101, 39, 38
144, 102, 39, 38
144, 102, 39, 38
150, 102, 39, 38
154, 101, 39, 38
158, 98, 39, 38
163, 96, 39, 38
171, 92, 39, 38
177, 86, 41, 40
181, 81, 41, 40
185, 78, 41, 40
190, 78, 39, 38
192, 78, 39, 38
195, 76, 39, 38
194, 76, 39, 38
193, 76, 39, 38
193, 77, 37, 36
192, 76, 37, 36
191, 77, 37, 36
189, 77, 39, 38
189, 79, 37, 36
187, 80, 37, 36
183, 83, 37, 36
175, 86, 37, 36
172, 86, 37, 36
171, 87, 37, 36
168, 89, 37, 36
167, 91, 37, 36
168, 99, 37, 36
169, 104, 37, 36
171, 110, 37, 36
171, 114, 37, 36
171, 117, 37, 36
171, 121, 37, 36
171, 122, 37, 36
171, 123, 37, 36
