228, 236, 80, 64
230, 234, 80, 64
233, 236, 80, 64
235, 243, 80, 64
233, 253, 80, 64
228, 255, 80, 64
228, 246, 80, 64
228, 231, 80, 64
226, 227, 80, 64
226, 240, 80, 64
222, 261, 80, 64
222, 266, 80, 64
227, 249, 80, 64
232, 226, 80, 64
232, 218, 80, 64
236, 231, 80, 64
244, 242, 80, 64
252, 232, 80, 64
251, 215, 80, 64
234, 210, 80, 64
202, 216, 80, 64
185, 229, 80, 64
196, 239, 80, 64
228, 246, 80, 64
237, 250, 80, 64
212, 249, 80, 64
188, 242, 80, 64
170, 237, 80, 64
167, 239, 80, 64
181, 243, 80, 64
203, 235, 80, 64
205, 221, 80, 64
196, 219, 80, 64
195, 227, 80, 64
206, 227, 80, 64
216, 221, 80, 64
214, 217, 80, 64
207, 222, 80, 64
209, 244, 80, 64
216, 269, 80, 64
218, 273, 80, 64
209, 263, 80, 64
194, 263, 80, 64
184, 271, 80, 64
184, 277, 80, 64
196, 277, 80, 64
213, 280, 80, 64
218, 286, 80, 64
219, 279, 80, 64
221, 260, 80, 64
232, 243, 80, 64
246, 239, 80, 64
263, 253, 80, 64
258, 258, 80, 64
231, 252, 80, 64
209, 241, 80, 64
202, 236, 80, 64
208, 239, 80, 64
217, 246, 80, 64
230, 251, 80, 64
240, 237, 80, 64
240, 224, 80, 64
235, 224, 80, 64
241, 223, 80, 64
257, 219, 80, 64
279, 215, 80, 64
287, 220, 80, 64
282, 238, 80, 64
264, 250, 80, 64
258, 246, 80, 64
266, 232, 80, 64
274, 224, 80, 64
278, 223, 80, 64
281, 208, 80, 64
266, 185, 80, 64
240, 174, 80, 64
215, 172, 80, 64
206, 171, 80, 64
211, 171, 80, 64
223, 165, 80, 64
227, 158, 80, 64
233, 168, 80, 64
233, 186, 80, 64
227, 200, 80, 64
223, 208, 80, 64
209, 204, 80, 64
192, 196, 80, 64
189, 183, 80, 64
199, 166, 80, 64
226, 171, 80, 64
208, 152, 80, 64
240, 170, 80, 64
252, 183, 80, 64
246, 176, 80, 64
238, 158, 80, 64
233, 145, 80, 64
235, 145, 80, 64
240, 148, 80, 64
250, 143, 80, 64
252, 131, 80, 64
239, 129, 80, 64
228, 141, 80, 64
232, 155, 80, 64
263, 160, 80, 64
295, 151, 80, 64
291, 141, 80, 64
268, 146, 80, 64
245, 155, 80, 64
230, 155, 80, 64
228, 142, 80, 64
226, 129, 80, 64
232, 135, 80, 64
234, 146, 80, 64
264, 153, 80, 64
296, 154, 80, 64
308, 150, 80, 64
288, 137, 80, 64
256, 124, 80, 64
224, 141, 80, 64
245, 155, 80, 64
276, 169, 80, 64
295, 170, 80, 64
300, 166, 80, 64
308, 165, 80, 64
325, 159, 80, 64
341, 163, 80, 64
350, 175, 80, 64
353, 183, 80, 64
359, 184, 80, 64
363, 178, 80, 64
368, 177, 80, 64
367, 185, 80, 64
367, 188, 80, 64
385, 190, 80, 64
406, 205, 80, 64
415, 230, 80, 64
413, 251, 80, 64
411, 264, 80, 64
412, 270, 80, 64
410, 262, 80, 64
413, 251, 80, 64
414, 239, 80, 64
382, 213, 80, 64
404, 187, 80, 64
381, 183, 80, 64
364, 208, 80, 64
332, 182, 80, 64
338, 156, 80, 64
337, 155, 80, 64
327, 129, 80, 64
314, 112, 80, 64
307, 119, 80, 64
310, 113, 80, 64
309, 95, 80, 64
310, 86, 80, 64
320, 87, 80, 64
327, 80, 80, 64
323, 56, 80, 64
313, 30, 80, 64
315, 24, 80, 64
323, 35, 80, 64
330, 44, 80, 64
334, 44, 80, 64
326, 46, 80, 64
306, 49, 80, 64
284, 42, 80, 64
276, 31, 80, 64
291, 15, 80, 64
283, 0, 80, 64
251, 0, 80, 64
246, 0, 80, 64
275, 0, 80, 64
304, 0, 80, 64
318, 0, 80, 64
311, 0, 80, 64
324, 0, 80, 64
323, 23, 80, 64
316, 49, 80, 64
303, 62, 80, 64
299, 62, 80, 64
298, 44, 80, 64
294, 18, 80, 64
273, 14, 80, 64
272, 2, 80, 64
282, 21, 80, 64
297, 43, 80, 64
319, 55, 80, 64
334, 54, 80, 64
332, 45, 80, 64
330, 39, 80, 64
335, 46, 80, 64
333, 57, 80, 64
325, 60, 80, 64
317, 68, 80, 64
319, 78, 80, 64
323, 77, 80, 64
330, 74, 80, 64
337, 64, 80, 64
337, 53, 80, 64
332, 63, 80, 64
332, 73, 80, 64
340, 98, 80, 64
349, 117, 80, 64
356, 118, 80, 64
345, 143, 80, 64
330, 133, 80, 64
335, 140, 80, 64
350, 158, 80, 64
355, 159, 80, 64
353, 144, 80, 64
344, 134, 80, 64
335, 128, 80, 64
342, 122, 80, 64
355, 104, 80, 64
358, 81, 80, 64
352, 77, 80, 64
352, 96, 80, 64
354, 119, 80, 64
349, 119, 80, 64
337, 105, 80, 64
322, 96, 80, 64
314, 108, 80, 64
323, 88, 80, 64
334, 108, 80, 64
338, 92, 80, 64
324, 100, 80, 64
315, 92, 80, 64
343, 103, 80, 64
372, 104, 80, 64
382, 87, 80, 64
369, 68, 80, 64
337, 42, 80, 64
354, 60, 80, 64
333, 66, 80, 64
331, 55, 80, 64
335, 39, 80, 64
359, 31, 80, 64
332, 45, 80, 64
351, 38, 80, 64
351, 37, 80, 64
329, 44, 80, 64
306, 45, 80, 64
287, 57, 80, 64
283, 61, 80, 64
274, 65, 80, 64
259, 80, 80, 64
236, 62, 80, 64
232, 44, 80, 64
264, 48, 80, 64
287, 71, 80, 64
291, 94, 80, 64
284, 116, 80, 64
277, 94, 80, 64
265, 95, 80, 64
265, 100, 80, 64
287, 95, 80, 64
315, 105, 80, 64
297, 109, 80, 64
326, 88, 80, 64
319, 92, 80, 64
296, 113, 80, 64
283, 120, 80, 64
278, 107, 80, 64
264, 83, 80, 64
241, 71, 80, 64
219, 75, 80, 64
224, 92, 80, 64
256, 117, 80, 64
281, 142, 80, 64
271, 132, 80, 64
248, 115, 80, 64
233, 107, 80, 64
241, 116, 80, 64
273, 138, 80, 64
303, 147, 80, 64
311, 129, 80, 64
295, 112, 80, 64
272, 97, 80, 64
267, 89, 80, 64
293, 96, 80, 64
313, 108, 80, 64
290, 97, 80, 64
267, 79, 80, 64
266, 78, 80, 64
288, 74, 80, 64
303, 72, 80, 64
295, 63, 80, 64
276, 51, 80, 64
275, 53, 80, 64
277, 68, 80, 64
282, 66, 80, 64
295, 54, 80, 64
309, 54, 80, 64
324, 72, 80, 64
326, 92, 80, 64
317, 92, 80, 64
313, 83, 80, 64
301, 77, 80, 64
269, 71, 80, 64
267, 73, 80, 64
235, 85, 80, 64
255, 72, 80, 64
271, 62, 80, 64
265, 63, 80, 64
246, 70, 80, 64
254, 90, 80, 64
286, 92, 80, 64
310, 80, 80, 64
329, 55, 80, 64
326, 43, 80, 64
305, 51, 80, 64
302, 74, 80, 64
324, 99, 80, 64
346, 85, 80, 64
357, 59, 80, 64
346, 52, 80, 64
326, 64, 80, 64
314, 71, 80, 64
316, 75, 80, 64
316, 68, 80, 64
312, 63, 80, 64
309, 56, 80, 64
308, 52, 80, 64
302, 53, 80, 64
291, 56, 80, 64
288, 58, 80, 64
290, 62, 80, 64
288, 68, 80, 64
289, 69, 80, 64
303, 78, 80, 64
318, 85, 80, 64
313, 92, 80, 64
296, 87, 80, 64
288, 79, 80, 64
293, 79, 80, 64
310, 86, 80, 64
303, 85, 80, 64
320, 59, 80, 64
303, 54, 80, 64
313, 38, 80, 64
324, 39, 80, 64
328, 49, 80, 64
332, 52, 80, 64
326, 41, 80, 64
324, 45, 80, 64
340, 39, 80, 64
338, 38, 80, 64
329, 40, 80, 64
334, 26, 80, 64
346, 18, 80, 64
336, 9, 80, 64
332, 8, 80, 64
340, 14, 80, 64
346, 26, 80, 64
340, 27, 80, 64
323, 17, 80, 64
311, 2, 80, 64
